((("find" .
   [1 0 0 0])
  ("100" .
   [1 0 0])
  ("$qr" .
   [1 0 0])
  ("_queryToOptions" .
   [1 0 0 0 0 0 1 0 0 0 0 0 0 0 0])
  ("$options" .
   [5 0 0 0 0 0 0 0])
  ("out" .
   [1 0 0])
  ("update_company_users" .
   [0 0 1 0 0 0 0 0 0 0 0 0 0 0 0 0 0 0 0 0])
  ("read" .
   [1 0 0 0])
  ("n" .
   [1])
  ("-20px" .
   [1 0 0 0 0])
  ("bottom" .
   [1 0 0 0 0 1])
  ("relative" .
   [1 0 1 0 0 0 0 0])
  ("position" .
   [0 0 1 0 1 0 0 0])
  ("募集中" .
   [1 0 0])
  ("status" .
   [1 0 0 0 0 0])
  ("strong" .
   [2 0 0 0 0 0])
  ("teacher" .
   [1 0 0 0 0 0 0])
  ("place" .
   [2 0 0 0 0])
  ("time" .
   [7 0 0 0])
  ("td" .
   [5 0])
  ("date" .
   [2 0 0 0])
  ("table" .
   [1 0 0 0 0])
  ("c" .
   [7])
  ("seminar_schedule" .
   [1 0 0 0 0 0 0 0 0 0 0 0 0 0 0 0])
  ("dired-mode-hook" .
   [1 0 0 0 0 0 0 0 0 0 0 0 0 0 0])
  ("dired" .
   [1 0 0 0 0])
  ("turn-on-tempbuf-mode" .
   [0 0 0 0 0 0 0 0 0 0 0 2 0 0 0 0 0 0 0 0])
  ("find-file-hooks" .
   [1 0 0 0 0 0 0 0 0 0 0 0 0 0 0])
  ("add-hook" .
   [1 0 0 0 0 0 0 0])
  ("add-" .
   [0 0 0 1])
  ("tempbuf" .
   [0 0 0 0 1 0 0])
  ("aonboaeioieoibnbn" .
   [1 0 0 0 0 0 0 0 0 0 0 0 0 0 0 0 0])
  ("oaenbanboanbanb" .
   [1 0 0 0 0 0 0 0 0 0 0 0 0 0 0])
  ("anb" .
   [1 0 0])
  ("aonb" .
   [1 0 0 0])
  ("bnaonb" .
   [1 0 0 0 0 0])
  ("panan" .
   [1 0 0 0 0])
  ("anvanvanb" .
   [1 0 0 0 0 0 0 0 0])
  ("oanv" .
   [1 0 0 0])
  ("agn" .
   [1 0 0])
  ("render" .
   [4 0 0 0 0 0])
  ("$updateFields" .
   [0 0 0 0 0 0 1 1 0 0 0 0 0])
  ("4upda" .
   [1 0 0 0 0])
  ("4up" .
   [1 0 0])
  ("arrat" .
   [1 0 0 0 0])
  ("$false" .
   [2 0 0 0 0 0])
  ("sae" .
   [1 0 0])
  ("01" .
   [5 0])
  ("candidate_nosave" .
   [1 0 0 0 0 0 0 0 0 0 0 0 0 0 0 0])
  ("candidate" .
   [1 0 0 0 0 0 0 0 0])
  ("$value" .
   [11 0 0 0 0 0])
  ("validate" .
   [1 0 0 0 0 0 0 0])
  ("User" .
   [4 0 0 0])
  ("unset" .
   [3 0 0 0 0])
  ("gend" .
   [1 0 0 0])
  ("gendaer" .
   [1 0 0 0 0 0 0])
  ("4value" .
   [6 0 0 0 0 0])
  ("as" .
   [5 0])
  ("foreach" .
   [4 0 0 0 0 0 0])
  ("data" .
   [3 0 0 0])
  ("request" .
   [3 0 0 0 0 0 0])
  ("postConditions" .
   [0 0 0 0 1 0 0 0 0 0 0 0 0 0])
  ("$data2" .
   [2 0 0 0 0 0])
  ("private" .
   [3 0 0 0 0 0 0])
  ("$data" .
   [11 0 0 0 1])
  ("isset" .
   [5 0 0 0 0])
  ("null" .
   [6 0 0 0])
  ("updateAll" .
   [2 0 0 0 0 0 0 0 0])
  ("save" .
   [4 0 0 0])
  ("$date" .
   [2 0 0 0 0])
  ("setFlash" .
   [3 0 0 0 0 0 0 0])
  ("Session" .
   [3 0 0 0 0 0 0])
  ("$this" .
   [47 0 0 0 0])
  ("tr" .
   [1 0])
  ("Analytics" .
   [0 0 0 1 0 0 0 0 0])
  ("Google" .
   [1 0 0 0 0 0])
  ("面談者" .
   [1 0 0])
  ("cakesite" .
   [1 0 0 0 0 0 0 0])
  ("public" .
   [2 0 0 0 0 0])
  ("row" .
   [1 0 0])
  ("center" .
   [1 0 0 0 0 0])
  ("75px" .
   [1 0 0 0])
  ("none" .
   [1 0 0 0])
  ("10px" .
   [2 0 0 0])
  ("margin" .
   [2 0 0 0 0 0])
  ("mb10" .
   [1 0 0 0])
  ("Twitter" .
   [1 0 0 0 0 0 0])
  ("20px" .
   [1 0 0 0])
  ("margin-bottom" .
   [0 0 0 0 0 0 1 0 0 0 0 0 0])
  ("-->" .
   [5 0 0])
  ("//" .
   [9 0])
  ("javascript" .
   [0 0 0 0 0 0 0 0 1 0])
  ("JavaScript" .
   [0 0 0 0 1 0 0 0 0 0])
  ("80px" .
   [2 0 0 0])
  ("absolute" .
   [0 0 2 0 0 0 0 0])
  ("100%" .
   [2 0 0 0])
  ("fixed" .
   [5 0 0 0 0])
  ("--><" .
   [0 0 0 2])
  ("--" .
   [6 0])
  ("mb20" .
   [0 0 1 0])
  ("width=" .
   [1 0 0 0 0 0])
  ("width" .
   [3 0 0 0 0])
  ("speedbar" .
   [1 0 0 0 0 0 0 0])
  ("sp" .
   [1 0])
  ("echo" .
   [13 0 1 0])
  ("php" .
   [14 0 0])
  ("$var" .
   [1 0 0 0])
  ("window" .
   [6 0 0 0 0 0])
  ("alert" .
   [1 0 0 0 0])
  ("false" .
   [1 0 1 0 0])
  ("var" .
   [7 0 0])
  ("log" .
   [17 0 0])
  ("console" .
   [1 0 0 2 0 0 0])
  ("400" .
   [1 0 0])
  ("<div" .
   [2 0 0 0])
  ("class=" .
   [7 0 1 0 0 0])
  ("12u" .
   [1 0 0])
  ("document" .
   [5 0 0 0 0 0 0 0])
  ("body" .
   [5 0 1 0])
  ("documentElement" .
   [1 0 0 0 0 0 0 0 0 0 0 0 0 0 0])
  ("function" .
   [4 0 0 0 0 0 0 0])
  ("if" .
   [8 0])
  ("IE" .
   [1 0])
  ("clientWidth" .
   [0 0 0 0 0 1 0 0 0 0 0])
  ("Chrome" .
   [1 0 0 0 0 0])
  ("innerWidth" .
   [0 0 0 0 1 0 0 0 0 0])
  ("return" .
   [5 0 0 0 0 0])
  ("window_size_reload" .
   [0 0 0 0 0 1 0 1 0 0 0 0 0 0 0 0 0 0])
  ("699" .
   [1 0 0])
  ("hoge" .
   [1 0 0 0])
  ("/**" .
   [1 0 0])
  ("endif" .
   [3 0 0 0 0])
  ("else" .
   [5 0 0 0])
  ("4field" .
   [1 0 0 0 0 0])
  ("$fieldLists" .
   [1 0 0 0 0 0 0 0 0 0 0])
  ("$" .
   [16])
  ("array" .
   [12 0 0 0 0])
  ("id" .
   [4 0])
  ("4this" .
   [2 0 0 0 0])
  ("Auth" .
   [1 0 0 0])
  ("user" .
   [1 0 0 0])
  ("i" .
   [3])
  ("empty" .
   [6 0 0 0 0])
  ("保存対象フィールドの整形" .
   [1 0 0 0 0 0 0 0 0 0 0 0])
  ("strto_jptime" .
   [0 0 0 0 0 1 0 0 0 0 0 0])
  ("f" .
   [1])
  ("$condition" .
   [1 0 0 0 0 0 0 0 0 0])
  ("fale" .
   [1 0 0 0])
  ("fals" .
   [1 0 0 0])
  ("$saveFields" .
   [1 0 0 0 0 0 0 0 0 0 0])
  ("$save" .
   [1 0 0 0 0])
  ("$user" .
   [4 0 0 0 0])
  ("DOCTYPE" .
   [1 0 0 0 0 0 0])
  ("html" .
   [3 0 0 0])
  ("head" .
   [2 0 0 1])
  ("meat" .
   [1 0 0 0])
  ("meta" .
   [1 0 0 0])
  ("charset" .
   [2 0 0 0 0 0 0])
  ("title" .
   [2 0 0 0 0])
  ("4title" .
   [1 0 0 0 0 0])
  ("escape" .
   [4 0 0 0 1 0])
  ("$title" .
   [1 0 0 0 0 0])
  ("Miniblog" .
   [1 0 0 0 1 0 0 0])
  ("div" .
   [14 0 0])
  ("href" .
   [1 0 0 0])
  ("$_content" .
   [1 0 0 0 0 0 0 0 0])
  ("setLayout" .
   [1 0 0 0 0 0 0 0 0])
  ("h2" .
   [2 0])
  ("ホーム" .
   [1 0 0])
  ("form" .
   [2 0 0 0])
  ("action" .
   [2 0 0 0 0 0])
  ("method" .
   [1 0 0 0 0 0])
  ("input" .
   [2 0 0 0 0])
  ("type" .
   [2 0 0 0])
  ("name" .
   [3 0 0 0])
  ("value" .
   [2 0 0 0 0])
  ("textarea" .
   [2 0 0 0 0 0 0 0])
  ("rows" .
   [2 0 0 0])
  ("cols" .
   [1 0 0 0])
  ("s" .
   [3])
  ("$body" .
   [2 0 0 0 0])
  ("foreace" .
   [1 0 0 0 0 0 0])
  ("$statuses" .
   [1 0 0 0 0 0 0 0 0])
  ("$status" .
   [5 0 0 0 0 0 0])
  ("class" .
   [4 0 0 0 0])
  ("endforeach" .
   [1 0 0 0 0 0 0 0 0 0])
  ("4user_name" .
   [1 0 0 0 0 0 0 0 0 0])
  ("$password" .
   [1 0 0 0 0 0 0 0 0])
  ("publiv" .
   [1 0 0 0 0 0])
  ("funtion" .
   [1 0 0 0 0 0 0])
  ("events" .
   [1 0 0 0 0 0])
  ("func" .
   [1 0 0 0])
  ("ログインチェック" .
   [1 0 0 0 0 0 0 0])
  ("TmpEmail" .
   [3 0 0 0 0 0 0 0])
  ("$token" .
   [1 0 0 0 0 0])
  ("4result" .
   [1 0 0 0 0 0 0])
  ("set" .
   [2 0 0])
  ("redirect" .
   [1 0 0 0 0 0 0 0])
  ("メールアドレスの変" .
   [1 0 0 0 0 0 0 0 0])
  ("メールアドレスの" .
   [1 0 0 0 0 0 0 0])
  ("メールアドレスの変更を完了" .
   [1 0 0 0 0 0 0 0 0 0 0 0 0])
  ("is" .
   [1 0])
  ("iswitchb" .
   [0 0 0 0 0 0 0 1])
  ("iswitchb-mode" .
   [1 0 0 0 0 0 0 0 0 0 0 0 0])
  ("setq" .
   [4 0 0 1])
  ("read-buffer-function" .
   [0 0 0 0 0 0 0 0 0 0 0 1 0 0 0 0 0 0 0 0])
  ("iswitchb-read-buffer" .
   [0 0 0 0 0 0 0 0 0 0 0 0 0 1 0 0 0 0 0 0])
  ("iswitchb-regexp" .
   [0 0 0 0 0 0 0 0 0 0 0 0 0 0 1])
  ("nil" .
   [2 0 0])
  ("iswitchb-prompt-newbuffer" .
   [0 0 0 0 0 0 0 0 0 0 0 0 0 1 0 0 0 0 0 0 0 0 0 0 0])
  ("$thi" .
   [1 0 0 0])
  ("$result" .
   [3 0 0 0 0 0 0])
  ("4data" .
   [1 0 0 0 0])
  ("4save" .
   [1 0 0 0 0])
  ("4savefield" .
   [1 0 0 0 0 0 0 0 0 0])
  ("ffap-bindings" .
   [0 0 0 0 0 0 0 1 0 0 0 0 0])
  ("require" .
   [2 0 0 0 0 0 0])
  ("uniquify" .
   [0 0 0 1 0 0 0 0])
  ("file" .
   [1 0 0 0])
  ("uniquify-buffer-name-style" .
   [0 0 0 0 0 1 0 0 0 0 0 0 0 0 0 0 0 0 0 0 0 0 0 0 0 0])
  ("事業ビジョンと戦略設計を見つけに来てください。" .
   [1 0 0 0 0 0 0 0 0 0 0 0 0 0 0 0 0 0 0 0 0 0 0])
  ("$https_full_base_url" .
   [0 0 0 0 0 1 3 0 0 0 0 0 0 0 0 0 0 0 0 0])
  ("base_dir" .
   [4 0 0 0 1 0 0 0])
  ("Webエントリー通過企業へは、特別紹介ルートをご案内します！" .
   [1 0 0 0 0 0 0 0 0 0 0 0 0 0 0 0 0 0 0 0 0 0 0 0 0 0 0 0 0 0])
  ("エンジニア就職を考えている人のための、優良IT企業10社まとめてエントリー＆" .
   [1 0 0 0 0 0 0 0 0 0 0 0 0 0 0 0 0 0 0 0 0 0 0 0 0 0 0 0 0 0 0 0 0 0 0 0 0 0])
  ("エンジニア就職を考えている人のための、優良IT企業10社まとめてエントリー＆選考会" .
   [1 0 0 0 0 0 0 0 0 0 0 0 0 0 0 0 0 0 0 0 0 0 0 0 0 0 0 0 0 0 0 0 0 0 0 0 0 0 0 0 0])
  ("$http_full_base_url" .
   [0 0 0 0 0 1 0 0 0 0 0 0 0 0 0 0 0 0 0])
  ("$this_base" .
   [1 0 0 0 0 0 0 0 0 0])
  ("━━━━━━━━━━━━━━━━━━ーーー" .
   [1 0 0 0 0 0 0 0 0 0 0 0 0 0 0 0 0 0 0 0 0])
  ("━━━━━━━━━" .
   [1 0 0 0 0 0 0 0 0])
  ("━━━━━━━━━━━" .
   [1 0 0 0 0 0 0 0 0 0 0])
  ("━━━━━━━━━━━ー━━━━━━━━━" .
   [1 0 0 0 0 0 0 0 0 0 0 0 0 0 0 0 0 0 0 0 0])
  ("━━━━━━━━━━━━━━━━━━━━━━━━━━━━━━━━━━━━" .
   [0 0 0 0 0 0 0 0 0 0 0 0 0 0 0 0 0 0 0 0 0 0 1 0 0 0 0 0 0 0 0 0 0 0 0 0])
  ("━━━━━━━━━━━━━━━━━━━━━━━━━━━━━━━━━━" .
   [1 0 0 0 0 0 0 0 0 0 0 0 0 0 0 0 0 0 0 0 0 0 0 0 0 0 0 0 0 0 0 0 0 0])
  ("tbody" .
   [1 0 0 0 0])
  ("label" .
   [2 0 0 0 0])
  ("画像の縦横比が3：4に近いものをご利用ください" .
   [2 0 0 0 0 0 0 0 0 0 0 0 0 0 0 0 0 0 0 0 0 0 0])
  ("画像の縦横比が3：4に近いものをご利用くだ" .
   [1 0 0 0 0 0 0 0 0 0 0 0 0 0 0 0 0 0 0 0 0])
  ("ファイルサイズが1MB以下のものをご利用くださ" .
   [1 0 0 0 0 0 0 0 0 0 0 0 0 0 0 0 0 0 0 0 0 0 0])
  ("$user_entried" .
   [0 0 0 0 0 0 1 0 0 0 0 0 0])
  ("user_entried" .
   [1 0 0 0 0 0 0 0 0 0 0 0])
  ("YES" .
   [1 0 0])
  ("default" .
   [1 0 0 0 0 0 0])
  ("$users" .
   [1 0 0 0 0 0])))
